####Bueno
01 05 17 27 33 53
06 24 36 48 50 57
05 17 19 27 37 48
01 09 17 27 30 48
03 11 25 39 41 52
09 18 34 37 48 58
10 13 23 27 48 54
11 17 18 28 37 49
01 18 20 26 42 51
14 27 45 48 50 60

####Tia Janete
07 10 16 22 30 45
37 38 50 51 55 58
15 16 20 21 33 34 
37 39 52 53 08 06 
02 13 43 29 50 60 
07 16 18 19 21 44
08 03 26 28 35 37 
01 02 06 14 15 18
04 08 01 03 19 21
05 07 09 19 23 25

####Augusto
01 15 23 36 41 51
06 21 33 46 56 60
02 26 42 48 57 59
08 18 28 32 40 49
03 19 29 35 39 58 
05 13 22 31 43 48
04 11 24 30 44 47
08-09-12-23-52-55
07 10 20 25 34 45
27 37 38 50 52 54

####Eric
03 14 22 23 45 52
06 13 21 33 37 49
09 11 26 30 44 58
07 15 29 37 42 60
04 09 17 28 48 54
01 16 26 32 50 57
18 20 33 49 56 60
07 11 17 23 35 48
14 22 26 36 43 55
09 16 25 43 47 53

####Brisão
04 22 35 40 48 58
03 50 43 31 58 25
07 21 46 55 36 60
31 19 26 07 58 60
13 20 25 36 51 55
02 13 41 48 49 53
01 25 26 31 41 55
12 33 42 46 47 48
02 35 04 16 23 53
16 24 13 37 57 08

####Kayke
09 21 25 31 34 57
01 28 34 48 51 54
11 17 23 32 40 60
10 14 25 46 50 57
17 22 31 39 46 49
16 20 23 31 41 57
09 13 33 35 49 55
03 13 35 51 53 60
12 27 33 49 55 57
05 06 34 40 43 60

####Sidnei
04 18 23 26 40 47
06 10 16 25 32 40
05 11 13 33 34 57
04 20 23 31 48 56
04 15 31 34 53 55
08 28 41 47 49 57
02 42 52 53 54 59
02 06 14 27 34 41
18 20 23 24 48 60
02 31 36 41 49 58

###Pedro
10 22 35 37 50 53
17 35 38 49 55 57
03 16 23 34 45 56
01 18 26 50 52 54
07 28 34 42 48 54
01 09 17 20 21 28
10 17 21 30 50 56
12 20 27 34 37 48
16 26 30 33 44 58
05 17 27 32 45 51

##Maria 
16 40 27 38 54 21
06 36 45 24 51 20
18 57 33 41 19 11
03 29 45 56 15 46
48 50 32 13 17 25
23 57 19 43 18 33
51 27 36 41 22 05
01 23 47 38 52 59
17 21 34 26 53 41
17 24 52 11 23 05